$ANSIBLE_VAULT;1.1;AES256
38666564326537376436356531346466666236326165666631346139663531383038396130663736
3433373638353561663133633134393230653730616565640a653031306665613337666165306437
65633733323237356536666163633435653839663536306636313936343765633739616135376537
6464376263366365350a323162346362336134346364663434353932306435643835356466613331
36623130383033383436643932633231393136653764363636376639623136393961653964393965
31636235383530343366313430613765363932326130623864326134636633636236623831363035
62633239396531396662376366656533323339326663366232396363643231303638663232343939
65336432343930306430613632373363613064626263656237356234653736363334646335626634
38386562343639303763326562343264663535303937623962366230653530633864366133353135
61396136323230333164626636326132356437613664363263313533353134393231343633653436
34663832393537666262643131656661393135373361386332653965383338653737393338333762
32396434666130316239336537313462343665653564623637346433663134333439643962356331
36326663373639663239306563643931643065303132376637643666343633333936373030333665
62336435633236303832323734613164373231633235353961666630336563313531313332323831
62366266346334646466393763386165626538303031303038396230626466393334313735373734
39333230393663316331376232616335313232363465376232363033323739326134376135656539
38333161333833373338663332373736386134663564303432373162316435323366356666646531
30663932363338346331633539343233333033323330303230316534313433373861353431653835
31626234323232633764316161356665326333363266643366343931616265623731353734336634
38396632626634663030656161376163633235626566326637393864623630353263303564653461
31373864353762306361323165383065616666313563376236393836343638653535356536346431
65343265353934623032636639356164316231396138363136643634393165316664623837653536
36623133653864356231333566353739633534616336356335653533636364643531313462383939
34383762323465666632343735663062313361633730616438326432363235636232373232366535
38326633623939613264353534643163386237333336656230363435383134626131393033386531
3233346664613064333838366338623430633131656661363335
